기간	구분	총지수	식료품 및 비주류음료	식료품 및 비주류음료	식료품 및 비주류음료	주류ㆍ담배	주류ㆍ담배	주류ㆍ담배	의복 및 신발	의복 및 신발	의복 및 신발	주택ㆍ수도ㆍ전기 및 연료	주택ㆍ수도ㆍ전기 및 연료	주택ㆍ수도ㆍ전기 및 연료	주택ㆍ수도ㆍ전기 및 연료	주택ㆍ수도ㆍ전기 및 연료	가정용품 및 가사서비스	가정용품 및 가사서비스	가정용품 및 가사서비스	가정용품 및 가사서비스	가정용품 및 가사서비스	가정용품 및 가사서비스	가정용품 및 가사서비스	보건	보건	보건	보건	교통	교통	교통	교통	통신	통신	통신	통신	오락 및 문화	오락 및 문화	오락 및 문화	오락 및 문화	오락 및 문화	오락 및 문화	오락 및 문화	교육	교육	교육	교육	음식 및 숙박	음식 및 숙박	음식 및 숙박	기타 상품 및 서비스	기타 상품 및 서비스	기타 상품 및 서비스	기타 상품 및 서비스
기간	구분	총지수	계	식료품	비주류음료	계	주류	담배	계	의류	신발	계	주택임차료	주거시설유지ㆍ보수	수도 및 주거관련 서비스	전기 가스 및 기타연료	계	가구 가사비품 및 카페트	가정용 섬유제품	가정용 기기	주방용품 및 가정용품	가정ㆍ정원용 공구 및 장비	일상 생활용품 및 가사서비스	계	의료용품 및 장비	외래환자 서비스	병원서비스	계	운송장비	개인운송장비 운영	운송서비스	계	우편서비스	전화 및 팩스장비	전화 및 팩스서비스	계	음향 영상 사진 및 정보처리 장비	기타 오락 및 문화용 주요내구재	기타 오락용품 조경용품 및 애완동물	오락 및 문화서비스	신문 서적 및 문방구	단체여행	계	유치원 및 초등교육	고등교육	기타교육	계	음식서비스	숙박서비스	계	미용용품 및 미용서비스	기타 개인용품	기타 서비스
2010.01	구분	84.055	74.049	73.561	82.38	62.954	85.741	54.609	80.505	80.178	82.268	80.596	77.925	72.08	68.554	105.86	80.262	73.771	84.726	91.073	78.344	89.45	73.796	91.084	94.909	88.177	91.443	93.97	99.617	109.315	77.646	110.336	69.347	117.154	112.091	95.641	162.077	91.996	90.479	85.929	80.381	92.858	88.249	110.965	102.321	76.165	78.466	78.505	74.258	85.153	85.602	69.589	99.433
2010.02	구분	84.225	74.51	74.018	82.38	62.954	85.741	54.609	80.424	80.017	82.186	80.922	78.083	72.08	70.392	105.86	80.589	73.771	84.726	91.346	80.018	89.362	74.028	91.175	95.004	88.266	91.535	93.59	99.418	108.868	77.412	110.336	69.347	117.154	112.091	95.738	159.41	91.996	90.925	86.016	80.381	93.944	88.249	110.965	102.321	76.165	79.029	79.229	72.83	85.239	85.516	70.575	99.433
2010.03	구분	84.566	75.046	74.628	82.463	62.891	85.398	54.609	80.424	80.098	81.941	80.922	78.32	71.864	68.826	105.967	81.979	73.326	84.726	91.165	80.097	88.738	77.883	91.175	95.004	88.266	91.627	94.35	99.319	110.88	77.412	109.678	69.347	117.154	111.422	95.641	159.41	91.996	88.245	86.536	81.696	92.759	89.5	118.039	103.353	77.012	79.43	79.55	73.13	84.982	85.516	68.885	99.333
2010.04	구분	84.906	76.349	75.924	83.049	62.954	85.654	54.609	80.424	80.098	82.023	80.922	78.478	72.008	68.349	105.967	81.489	73.326	84.726	91.165	77.547	88.738	77.344	91.266	95.099	88.266	91.627	95.015	99.418	112.109	77.646	109.678	69.347	117.154	111.422	96.029	158.782	91.996	89.854	86.71	81.696	93.944	89.589	119.454	103.353	77.088	79.993	80.114	74.182	84.811	85.429	68.885	99.035
2010.05	구분	84.906	75.583	75.086	83.802	62.954	85.654	54.609	80.505	80.259	81.86	81.167	78.715	71.936	68.349	105.967	81.734	73.994	84.726	90.983	79.699	88.738	77.344	91.175	94.909	88.266	91.627	95.205	99.418	112.333	77.646	109.678	69.347	117.154	111.422	96.416	156.742	91.996	89.407	86.796	81.777	96.81	89.589	119.454	103.353	77.088	80.314	80.435	74.182	85.239	85.429	71.068	99.035
2010.06	구분	84.736	74.51	73.942	83.551	62.954	85.826	54.609	80.99	80.743	82.023	81.167	78.951	71.936	67.328	105.967	81.734	73.994	84.726	90.892	79.858	88.738	77.344	91.266	95.099	88.354	91.718	94.92	99.418	111.773	77.569	109.678	69.347	117.154	111.422	96.029	155.801	92.088	88.245	86.883	81.777	96.019	89.589	119.454	103.353	77.088	80.394	80.516	74.858	85.41	85.689	71.068	99.135
2010.07	구분	84.991	74.816	74.247	84.221	62.891	85.483	54.609	81.07	80.743	82.593	81.248	79.109	72.008	67.124	105.967	81.489	73.994	84.726	89.893	80.097	89.005	77.266	91.266	94.909	88.354	92.178	95.585	99.418	112.668	78.426	109.678	69.347	117.154	111.422	97.966	155.487	92.088	88.871	86.883	82.434	104.514	89.68	119.454	103.353	77.166	80.475	80.597	76.662	85.838	86.551	71.068	98.936
2010.08	구분	85.417	76.733	76.229	84.221	62.954	85.826	54.609	81.07	80.743	82.593	81.492	79.188	72.008	67.669	106.609	82.06	74.735	86.78	90.347	80.337	89.094	77.575	91.45	95.289	88.443	92.178	95.681	99.518	112.444	78.894	109.678	69.347	117.154	111.422	98.258	155.331	91.628	88.782	86.883	82.598	105.996	89.68	119.454	103.353	77.166	80.555	80.677	75.986	85.838	86.638	70.787	98.936
2010.09	구분	86.183	81.025	80.803	84.389	63.017	85.912	54.609	81.151	80.743	83.163	82.062	79.267	72.008	67.396	109.814	82.224	74.735	86.78	90.347	80.257	89.184	78.037	91.541	95.384	88.443	92.178	94.825	99.418	110.991	78.271	109.678	69.347	117.154	111.422	98.354	155.487	91.996	89.229	86.883	83.42	105.008	89.769	119.454	103.456	77.243	80.957	81.079	74.858	86.438	87.415	70.787	99.731
2010.10	구분	86.183	80.641	80.422	84.305	63.017	86.083	54.609	80.99	80.743	81.778	82.225	79.504	72.008	67.669	109.814	82.224	74.735	86.78	91.436	79.141	89.184	77.575	91.266	94.53	88.443	92.27	95.11	98.922	111.886	78.271	109.678	69.347	117.154	111.422	97.676	155.644	91.996	89.407	87.057	83.42	101.452	89.769	119.454	103.456	77.243	81.357	81.401	77.113	86.095	87.328	69.096	99.632
2010.11	구분	85.758	78.342	77.983	84.556	63.017	86.083	54.609	80.424	81.711	72.33	81.981	79.741	72.08	67.669	107.143	82.469	74.735	86.78	90.802	78.822	89.005	78.655	91.175	94.339	88.443	92.27	95.205	98.823	112.444	78.037	109.678	69.347	117.154	111.422	97.676	155.173	91.996	88.961	87.491	82.845	101.452	89.769	119.454	103.456	77.319	81.438	81.561	78.541	86.524	87.328	71.42	99.731
2010.12	구분	86.013	78.189	77.754	85.142	62.891	85.483	54.609	81.96	81.792	82.838	82.225	80.056	72.08	67.6	107.143	82.469	74.735	86.78	90.074	82.01	89.005	78.423	91.266	94.53	88.443	92.27	96.725	99.021	115.686	78.426	109.019	69.347	117.154	110.643	97.385	153.447	91.996	89.586	87.491	83.009	100.761	89.858	119.454	103.456	77.397	81.438	81.561	75.46	86.524	87.328	72.124	99.532
2011.01	구분	86.95	81.102	80.803	85.56	62.891	85.569	54.609	82.04	81.873	82.675	82.957	80.373	72.08	68.826	109.814	83.123	76.366	86.78	90.166	81.372	89.005	79.503	92.088	94.909	89.591	93.097	98.15	99.915	118.592	78.738	109.019	69.347	117.154	110.643	98.354	153.133	91.812	90.211	88.966	83.009	102.736	90.215	119.454	103.456	77.859	81.759	81.884	76.513	87.209	88.191	72.759	99.632
2011.02	구분	87.461	82.328	82.099	85.644	62.828	85.312	54.609	82.121	81.953	82.675	83.283	80.53	72.368	70.528	109.814	83.613	76.366	92.086	90.71	83.524	88.026	79.04	92.545	95.858	89.768	93.189	98.531	99.716	119.822	78.426	109.019	69.347	117.154	110.643	98.354	152.193	91.628	91.64	89.053	83.584	101.65	90.305	119.454	103.456	78.09	82.964	83.089	76.211	87.466	88.277	73.886	99.731
2011.03	구분	87.801	82.252	82.022	86.147	62.891	85.398	54.609	82.202	82.034	82.675	83.609	81.083	72.8	69.847	109.814	84.022	76.811	92.086	91.165	84.72	88.115	79.271	92.362	95.478	89.768	93.281	100.146	99.716	123.734	78.505	108.91	69.347	115.514	110.643	98.936	150.31	91.26	90.3	89.574	84.979	103.724	91.2	120.751	105.418	79.553	82.964	83.089	79.068	88.237	88.881	73.957	101.321
2011.04	구분	87.886	81.715	81.413	86.314	62.828	85.226	54.609	82.283	82.195	82.512	84.016	81.556	74.312	69.779	109.92	83.777	76.885	92.171	91.073	83.286	88.65	79.04	92.453	95.668	89.856	93.281	100.336	99.816	123.957	78.66	108.91	69.347	115.514	110.643	98.742	147.486	91.352	91.461	89.574	85.062	103.526	91.2	120.751	105.418	79.63	83.446	83.492	79.293	87.809	88.709	72.124	101.321
2011.05	구분	88.057	80.718	80.193	89.077	63.646	85.226	55.647	83.252	83.163	83.408	84.586	81.951	75.537	68.554	112.698	84.268	76.885	92.171	91.165	86.075	88.916	79.425	92.362	95.952	89.591	93.005	100.241	100.313	123.286	78.972	108.91	69.347	113.172	110.643	99.42	147.486	91.076	91.372	89.661	85.062	106.786	91.2	120.751	105.418	79.63	83.767	83.894	79.293	88.322	88.881	74.731	101.321
2011.06	구분	88.227	81.179	80.65	90.165	63.584	84.969	55.647	83.415	83.324	83.408	84.83	82.268	76.905	68.077	112.698	84.676	77.849	92.343	90.983	85.915	89.45	80.197	92.818	97.091	89.591	93.097	100.05	100.014	122.616	79.128	108.91	69.347	113.172	110.643	99.032	147.328	91.076	91.193	89.574	85.144	105.107	91.378	120.751	105.418	79.784	84.169	84.296	78.992	88.322	88.968	74.52	101.321
2011.07	구분	88.654	82.942	82.479	90.751	63.394	84.368	55.647	83.819	83.324	86.096	84.911	82.504	77.12	67.873	112.698	84.594	78.887	92.343	90.71	86.633	92.032	79.348	92.909	96.902	89.768	93.649	100.906	100.014	124.405	79.674	108.91	69.347	113.172	110.643	99.517	143.249	91.076	91.907	89.661	85.555	108.664	91.289	120.751	105.315	79.784	84.41	84.457	82.6	88.151	88.881	73.604	101.42
2011.08	구분	89.25	85.165	84.843	90.751	63.584	84.969	55.647	83.9	83.405	86.096	85.399	82.899	76.976	68.281	113.659	84.594	78.887	92.343	90.62	86.394	92.032	79.348	93.092	96.997	90.032	93.649	101.477	100.014	125.522	79.83	108.91	69.347	113.172	110.643	99.323	142.307	90.892	91.282	89.661	85.637	108.466	91.378	120.751	105.315	79.861	84.731	84.779	82.6	88.322	88.881	74.379	101.42
2011.09	구분	89.164	84.704	84.386	90.584	63.584	85.14	55.647	83.9	83.485	86.014	85.643	83.294	77.049	67.805	113.872	84.921	79.629	92.257	90.802	87.669	92.12	79.657	93.275	97.091	90.209	93.832	101.477	100.014	125.857	79.362	106.935	69.347	113.172	108.637	98.838	141.366	90.708	92.444	89.748	85.637	105.602	91.378	120.751	105.211	79.861	84.892	85.02	81.172	88.322	89.313	73.11	101.519
2011.10	구분	89.079	83.172	82.708	91.17	63.584	85.055	55.647	83.415	83.405	82.756	86.377	83.609	77.049	67.805	117.077	84.512	79.629	92.343	91.346	84.162	92.298	78.963	93.184	96.997	90.121	93.832	101.952	100.412	127.087	79.206	106.497	74.34	113.172	108.192	98.742	139.326	90.708	92.444	89.921	85.637	105.798	91.467	120.751	105.211	80.092	85.052	85.1	81.097	88.322	89.572	72.265	101.519
2011.11	구분	89.079	82.635	82.099	91.923	63.584	85.055	55.647	85.597	85.503	85.933	86.702	84.004	77.192	67.805	117.077	84.676	79.629	92.343	89.803	86.473	93.01	79.657	93.184	96.048	90.651	94.384	101.477	100.014	126.417	78.894	105.509	74.34	109.305	107.188	98.644	139.484	90.616	91.997	90.008	85.637	105.404	91.467	120.751	105.211	80.092	84.249	84.377	81.172	88.494	89.658	73.11	101.42
2011.12	구분	89.335	83.708	83.242	92.09	63.52	84.797	55.647	85.597	85.503	85.933	87.028	84.241	77.192	69.03	117.291	85.657	79.629	92.343	91.346	87.829	92.655	80.968	93.184	95.858	90.739	94.384	101.191	100.014	125.298	79.362	105.181	74.34	109.305	106.854	98.742	139.326	90.8	92.355	90.008	86.129	105.107	91.735	120.751	105.211	80.4	84.329	84.457	82.45	89.093	90.348	74.52	101.321
2012.01	구분	89.829	85.51	85.087	92.485	63.571	84.686	55.756	85.589	85.591	85.403	87.329	84.478	77.386	70.33	117.291	86.466	79.525	92.395	91.101	86.25	92.735	83.003	94.325	97.111	91.579	96.13	101.666	100.442	126.115	79.643	105.181	74.34	109.305	106.854	99.013	137.977	92.042	92.926	91.076	86.277	104.228	91.709	120.775	105.284	80.546	84.466	84.457	85.463	88.168	90.306	74.202	99.373
2012.02	구분	90.203	85.31	84.858	92.61	64.005	84.574	56.4	86.332	85.696	89.679	88.094	84.73	77.351	75.606	117.302	88.509	79.576	92.395	91.609	88.107	93.518	88.401	94.562	97.889	91.499	96.185	102.427	100.313	128.037	79.713	105.181	74.34	109.305	106.854	98.452	135.451	93.274	93.194	90.936	87.188	102.203	91.906	120.775	105.284	80.816	84.562	84.602	83.006	88.631	90.332	77.16	99.373
2012.03	구분	90.322	86.046	85.644	92.685	63.948	84.394	56.4	86.381	85.744	89.679	88.363	85.109	77.869	75.395	117.313	88.575	79.643	94.397	91.528	89.063	93.331	87.908	94.707	98.316	91.508	96.185	106.103	99.925	130.373	86.425	105.181	74.34	109.305	106.854	98.199	134.479	96.421	93.069	90.268	87.632	102.164	91.048	109.902	101.887	81.224	84.241	84.28	82.706	84.296	90.158	77.739	81.881
2012.04	구분	90.356	86.092	85.704	92.459	64.037	84.695	56.4	85.872	85.728	86.421	88.501	85.504	78.085	74.156	117.334	87.978	79.606	94.209	91.419	87.701	93.322	86.543	93.521	95.146	91.181	96.461	106.607	99.637	131.536	86.674	105.181	74.34	109.305	106.854	98.965	133.866	96.816	92.104	90.156	87.763	106.707	91.164	109.902	101.887	81.393	84.402	84.417	83.652	84.699	91.47	76.421	81.215
2012.05	구분	90.45	85.372	84.927	92.543	63.779	83.811	56.4	87.342	86.882	89.679	88.583	85.741	78.222	73.415	117.356	88.46	79.747	94.388	92.109	90.338	93.162	86.636	93.813	95.867	91.278	96.488	106.465	100.024	130.854	86.776	105.181	74.34	109.305	106.854	99.226	133.004	97.359	92.381	90.26	87.894	108.011	91.316	109.902	101.887	81.586	84.514	84.529	83.998	85.068	92.221	75.942	81.255
2012.06	구분	90.356	85.004	84.553	92.367	64.049	84.737	56.4	87.723	87.381	89.346	88.721	85.899	78.287	73.251	117.654	88.706	79.747	94.388	92.308	90.753	93.162	87.136	93.876	96	91.305	96.516	105.429	100.083	128.216	86.744	105.181	74.34	109.305	106.854	98.286	126.445	96.927	92.479	90.398	87.845	107.063	91.396	109.902	101.887	81.686	84.554	84.577	83.6	84.973	92.195	75.4	81.255
2012.07	구분	90.305	84.191	83.7	92.133	63.891	84.205	56.4	87.714	87.381	89.346	89.299	86.002	78.337	73.551	120.72	88.436	81.081	94.388	92.354	88.426	93.598	85.973	93.366	95.497	90.731	96.176	104.127	100.272	124.516	86.955	105.181	74.34	109.305	106.854	100.118	125.017	96.521	92.176	90.729	87.992	116.062	91.691	109.902	101.887	82.094	84.731	84.699	87.425	83.748	91.772	69.004	81.255
2012.08	구분	90.842	85.571	85.186	92.015	64.308	85.646	56.4	87.747	87.462	89.134	89.69	86.136	78.438	74.673	121.767	88.615	81.081	94.388	90.802	90.793	93.598	87.314	93.348	95.355	90.783	96.221	105.134	100.461	127.008	86.987	105.181	74.34	109.305	106.854	99.604	125.017	95.611	91.729	90.581	87.968	114.205	93.006	109.902	101.887	83.881	84.876	84.803	89.83	84.451	92.471	70.906	81.255
2012.09	구분	91.455	89.005	88.716	93.849	64.546	86.504	56.4	87.755	87.446	89.191	89.625	86.262	78.575	73.21	121.788	89.016	81.185	94.388	92.472	90.633	93.589	87.067	93.429	95.555	90.793	96.24	105.771	99.17	129.692	86.604	105.181	74.34	109.305	106.854	99.003	126.32	96.31	92.033	90.503	87.976	110.501	93.274	109.902	101.794	84.274	84.964	85.004	83.186	85.975	93.023	78.844	81.255
2012.10	구분	91.225	86.943	86.497	94.225	64.572	86.589	56.4	87.294	87.462	86.112	89.886	86.46	79.821	73.904	121.788	88.623	81.185	94.388	91.191	88.37	93.749	87.561	93.54	95.64	90.96	96.24	105.676	99.2	129.322	86.697	105.181	74.34	109.305	106.854	99.546	125.754	97.083	91.712	90.538	88.379	113.149	93.274	109.902	101.794	84.274	85.085	85.1	84.381	85.958	93.101	78.492	81.255
2012.11	구분	90.867	84.313	83.669	94.761	64.666	86.906	56.4	88.871	88.68	89.687	90.023	86.704	79.864	73.727	121.788	88.771	81.185	94.388	90.819	91.088	95.28	87.438	93.494	95.829	90.757	96.24	104.869	99.816	127.087	86.573	105.181	74.34	109.305	106.854	98.616	124.593	97.24	92.998	90.564	88.354	108.604	93.283	109.902	101.794	84.282	85.06	85.084	84.179	85.427	92.074	78.844	81.255
2012.12	구분	91.055	84.896	84.294	94.752	64.736	87.155	56.4	88.91	88.729	89.687	90.325	86.91	79.864	75.082	121.788	88.01	81.185	94.388	89.984	90.363	95.298	85.973	93.439	95.687	90.739	96.24	104.783	99.925	126.606	86.76	105.181	74.34	109.305	106.854	99.342	125.723	98.344	93.319	90.668	88.551	110.787	93.3	109.902	101.794	84.304	85.149	85.149	85.629	85.984	92.851	79.211	81.484
2013.01	구분	91.549	86.437	85.888	95.255	65.151	88.613	56.4	88.797	88.737	88.89	90.968	87.107	80.296	78.009	122.77	88.043	81.141	94.388	90.774	87.947	95.298	86.026	94.443	96.105	91.888	97.995	104.935	101.484	126.148	86.823	105.181	74.34	109.305	106.854	99.042	125.613	97.911	94.177	91.093	89.003	107.863	93.551	109.902	101.794	84.651	85.567	85.551	87.072	85.889	92.894	78.295	81.533
2013.02	구분	91.804	86.912	86.383	95.615	65.214	88.844	56.4	89.032	88.72	90.51	91.326	87.321	80.296	79.861	122.77	88.346	81.067	94.388	91.147	89.581	95.298	86.258	94.497	96.133	91.976	97.995	105.429	101.385	127.668	86.651	105.181	74.34	109.305	106.854	98.799	124.123	98.344	93.971	91.11	88.994	107.626	93.685	109.902	101.794	84.82	85.743	85.728	87.433	86.172	93.075	79.464	81.533
2013.03	구분	91.719	86.161	85.567	95.716	65.163	88.664	56.4	89.032	88.713	90.543	91.994	87.597	80.44	80.215	125.57	88.215	80.051	94.388	91.101	90.243	95.342	86.327	94.562	96.237	92.047	97.995	105.876	101.306	128.708	86.807	105.181	74.34	109.305	106.854	99.101	125.096	99.181	94.015	91.067	89.315	108.219	92.755	85.941	101.165	85.298	85.591	85.615	84.659	84.802	92.678	80.486	76.318
2013.04	구분	91.702	86.713	86.199	95.13	65.163	88.673	56.4	88.054	88.72	84.091	92.165	87.857	80.749	80.004	125.559	87.888	78.805	94.388	91.318	89.294	95.013	86.135	94.479	96.342	91.914	97.6	105.039	101.236	126.741	86.651	105.005	74.34	102.417	106.854	99.634	124.186	100.266	92.623	91.206	89.323	111.765	92.773	85.941	101.165	85.314	85.655	85.672	85.096	84.494	93.041	77.09	76.318
2013.05	구분	91.702	85.563	84.927	95.648	65.176	88.716	56.4	89.291	89.648	87.016	92.328	88.054	80.764	80.365	125.549	88.002	78.309	94.388	91.237	90.682	95.271	86.512	94.726	97.282	91.782	97.6	103.88	100.898	123.98	86.62	105.082	74.34	105.708	106.854	100.05	125.112	100.22	92.98	91.283	89.323	112.892	92.853	85.941	101.165	85.421	85.791	85.8	85.592	85.769	94.465	80.027	76.328
2013.06	구분	91.566	84.429	83.76	95.063	65.176	88.707	56.4	89.445	89.898	86.69	92.368	88.228	80.764	79.616	125.549	88.55	79.354	94.388	90.901	90.976	95.271	87.823	94.716	97.205	91.808	97.6	104.003	101.106	124.136	86.674	105.082	74.34	105.708	106.854	99.381	125.707	99.962	91.756	91.588	90.505	108.585	92.862	85.941	101.165	85.445	85.791	85.792	86.156	85.838	94.551	80.126	76.318
2013.07	구분	91.745	85.226	84.561	95.841	65.126	88.519	56.4	88.774	89.866	82.406	92.491	88.37	80.764	79.5	125.794	87.651	79.354	94.388	91.21	88.37	95.156	85.371	93.895	97.329	90.147	97.6	104.755	100.928	125.69	87.095	105.082	74.34	105.708	106.854	101.891	126.806	100.284	91.292	91.892	90.718	119.411	92.871	85.941	101.165	85.452	85.831	85.76	90.086	85.778	94.982	78.105	76.318
2013.08	구분	92.076	87.694	87.214	95.498	65.208	88.836	56.4	89.493	89.858	87.179	92.775	88.623	80.793	79.459	126.542	87.675	79.132	94.388	91.274	90.714	97.781	84.562	93.977	97.642	90.103	97.692	105.059	100.987	126.294	87.22	105.104	82.19	105.708	106.854	102.686	125.99	100.284	92.006	91.666	90.718	123.57	92.951	85.941	101.165	85.56	85.863	85.76	92.265	81.692	87.734	78.865	76.318
2013.09	구분	92.29	87.533	87.084	94.694	65.176	88.707	56.4	90.034	89.882	90.641	92.865	88.789	80.793	79.269	126.531	88.575	79.132	94.303	92.981	89.861	101.351	85.633	94.123	98.307	89.935	97.72	104.564	101.106	125.411	86.814	105.06	82.19	104.057	106.854	101.106	126.885	100.063	92.631	91.249	90.736	115.865	92.987	85.941	101.153	85.614	85.783	85.8	85.314	86.866	95.888	81.845	76.278
2013.10	구분	92.051	85.417	84.836	94.72	65.214	88.853	56.4	90.034	89.882	90.641	93.069	88.978	81.138	79.773	126.531	88.632	79.132	94.191	94.551	87.628	101.422	84.978	94.105	98.344	89.776	98.022	104.574	101.474	124.047	87.929	105.06	82.19	104.057	106.854	100.369	125.723	99.916	92.56	91.492	90.94	112.526	92.987	85.941	101.153	85.614	85.879	85.897	85.396	87.337	96.432	82.859	76.298
2013.11	구분	92.042	84.222	83.592	94.393	65.233	88.921	56.4	92.637	93.036	90.177	93.37	89.089	81.138	79.909	127.887	89.498	79.399	94.303	94.17	90.586	101.422	87.098	94.087	98.363	89.724	98.022	103.994	101.007	122.974	87.75	105.06	82.19	104.057	106.854	99.13	124.782	99.843	92.417	91.501	90.957	107.34	92.997	85.941	101.153	85.629	85.887	85.913	85.336	87.174	96.061	83.19	76.298
2013.12	구분	92.179	84.528	83.913	94.502	65.201	88.81	56.4	92.629	93.02	90.177	93.573	89.333	81.138	80.208	127.887	88.795	79.399	94.303	92.907	90.131	101.422	86.135	94.151	98.467	89.724	98.216	104.137	100.461	123.275	88.038	105.06	82.19	104.057	106.854	99.304	125.551	99.843	93.114	91.561	91.408	106.737	93.059	85.941	101.153	85.698	86.096	86.082	87.5	87.577	96.717	83.479	76.209
2014.01	구분	92.689	85.149	84.531	95.079	65.126	88.536	56.4	92.451	93.076	88.718	94.55	89.554	81.268	82.094	131.808	88.689	79.399	94.303	94.379	87.573	98.475	85.549	95.082	98.382	91.049	99.999	104.726	101.177	124.304	88.163	105.06	82.19	104.057	106.854	99.973	124.546	99.843	92.944	92.1	91.556	109.592	93.461	85.941	101.153	86.253	86.377	86.355	88.763	87.577	97.372	80.851	76.298
2014.02	구분	92.877	85.831	85.247	95.414	65.158	88.638	56.4	92.629	93.02	90.177	94.843	89.847	81.268	82.904	131.808	88.958	78.783	94.303	95.45	88.019	98.484	85.633	95.045	98.079	91.172	99.999	104.545	101.127	124.158	87.891	105.06	82.19	104.057	106.854	98.626	123.276	100.414	94.855	92.073	91.671	102.736	93.846	85.941	101.153	86.777	86.578	86.596	85.885	88.023	97.916	81.725	76.278
2014.03	구분	93.09	85.901	85.27	95.983	65.032	88.201	56.4	92.734	92.987	91.048	95.014	90.091	81.34	82.856	131.808	89.106	80.252	91.924	95.469	91.168	98.484	84.993	95.228	98.62	91.172	100.036	104.488	100.809	124.382	87.719	105.06	82.19	104.057	106.854	98.868	123.26	100.312	95.186	92.586	92.221	102.342	95.035	89.727	101.06	88.14	86.361	86.388	85.523	88.845	97.502	86.444	77.659
2014.04	구분	93.268	86.315	85.681	96.444	64.975	87.987	56.4	92.685	93.003	90.722	95.275	90.454	81.736	82.849	131.798	88.689	79.591	92.369	95.886	88.203	98.413	84.376	95.072	98.411	91.128	99.613	104.431	101.157	123.89	87.859	105.17	82.19	104.057	106.966	100.583	121.581	97.681	94.257	92.733	92.148	111.933	95.044	89.727	101.06	88.171	86.409	86.428	86.02	88.845	97.442	86.613	77.718
2014.05	구분	93.414	86.222	85.552	96.804	64.931	88.244	56.242	93.17	93.56	90.722	95.397	90.565	82.284	83.067	131.787	89.833	81.297	92.489	96.422	90.306	98.413	85.849	95.045	98.316	91.128	99.613	104.308	101.365	123.466	87.875	105.17	82.19	104.057	106.966	101.494	121.753	97.717	94.703	92.768	92.755	115.292	95.035	89.727	101.06	88.14	86.473	86.46	87.109	89.333	98.184	87.008	77.718
2014.06	구분	93.32	85.908	85.255	96.452	64.855	87.979	56.242	93.607	93.988	91.203	95.551	90.746	82.262	83.388	131.787	88.648	80.74	92.489	95.06	90.163	98.413	83.721	94.908	97.956	91.11	99.613	104.127	101.276	122.974	87.914	105.114	82.19	101.972	106.966	100.079	119.886	98.307	94.703	92.829	92.837	109.474	95.035	89.727	101.06	88.14	86.65	86.67	86.328	89.376	98.227	87.008	77.788
2014.07	구분	93.516	86.315	85.666	96.67	64.867	88.021	56.242	93.494	93.98	90.543	95.454	90.858	81.981	82.958	131.061	89.188	80.851	92.489	95.233	87.51	98.538	85.888	94.981	98.155	91.128	99.613	104.26	101.226	122.974	88.28	105.114	82.19	101.972	106.966	102.114	118.145	97.911	94.471	93.046	93.223	119.51	95.008	89.727	101.06	88.108	86.931	86.878	90.288	89.333	98.011	87.029	78.106
2014.08	구분	93.746	87.295	86.71	96.804	65.038	88.613	56.242	93.518	93.98	90.706	95.625	90.968	82.01	83.17	131.456	89.547	80.526	92.489	96.949	92.235	98.538	84.438	94.57	98.211	90.881	97.637	103.899	100.819	122.113	88.405	105.114	82.19	101.972	106.966	103.819	117.22	97.608	94.427	93.029	93.215	128.144	95.044	89.727	101.06	88.163	87.012	86.919	93.115	89.436	98.063	87.444	78.156
2014.09	구분	93.652	87.257	86.726	95.85	65.025	88.569	56.242	93.648	94.012	91.398	95.706	91.157	82.017	82.775	131.435	90.471	80.058	94.491	97.067	91.574	98.538	87.199	94.643	98.373	90.863	97.857	103.063	100.888	120.459	87.898	105.082	82.19	100.729	106.966	100.835	115.337	97.608	93.069	92.846	93.19	116.27	95.124	89.727	101.06	88.256	87.228	87.232	87.313	89.745	98.589	87.423	78.165
2014.10	구분	93.38	85.54	84.82	97.064	64.906	88.159	56.242	93.687	94.02	91.553	95.926	91.354	82.535	83.299	131.435	89.849	80.4	94.491	97.212	90.849	98.992	84.993	94.926	98.762	91.066	98.17	102.341	100.838	118.726	87.813	105.082	82.19	100.729	106.966	100.593	114.239	97.608	94.132	92.924	93.182	115.006	95.276	89.727	101.06	88.471	87.228	87.24	86.862	89.274	99.03	82.669	78.165
2014.11	구분	93.268	85.456	84.691	97.641	65	88.484	56.242	94.618	95.037	92.034	96.023	91.639	82.464	82.489	131.424	90.045	81.103	94.491	95.014	97.471	98.992	85.44	94.918	98.839	90.987	98.179	101.143	100.422	116.144	87.532	105.082	82.19	100.729	106.966	98.499	113.313	97.608	94.926	92.96	93.281	105.028	95.321	89.727	101.06	88.541	87.341	87.361	86.997	89.085	98.581	83.091	78.186
2014.12	구분	93.38	86.077	85.415	96.619	64.956	88.313	56.242	94.577	95.044	91.699	96.186	91.812	83.126	82.7	131.403	90.724	81.059	94.491	95.287	98.022	98.992	87.26	94.918	98.762	90.987	98.354	100.003	100.719	112.925	87.664	105.038	82.19	98.703	106.966	98.858	113.313	97.608	95.311	92.899	94.915	105.127	95.464	89.727	101.06	88.725	87.421	87.402	88.936	89.41	99.142	83.147	78.146
2015.01	구분	93.989	87.279	86.648	97.237	95.876	88.335	100	94.498	95.027	91.25	95.987	92.553	83.608	82.505	127.42	90.866	80.27	93.249	97.222	94.892	99.478	87.432	95.891	98.768	92.36	100.18	97.613	101.301	105.164	88.678	105.439	82.19	99.552	106.969	99.6	115.48	97.731	94.823	93.348	95.057	106.544	95.914	89.255	101.077	89.336	87.318	87.285	88.953	90.985	99.525	91.347	78.595
2015.02	구분	94.055	88.098	87.443	98.531	95.895	88.397	100	94.403	94.913	91.287	96.408	92.665	83.728	85.236	127.384	91.122	81.391	93.249	98.423	94.95	97.349	86.756	96.083	99.264	92.369	100.19	95.873	100.72	101.436	88.255	105.439	82.19	99.552	106.969	98.645	116.803	98.22	95.317	93.282	95.478	102.051	96.185	89.255	101.077	89.697	87.443	87.427	88.451	91.268	99.644	92.792	78.721
2015.03	구분	93.97	86.998	86.299	98.086	95.953	88.558	100	94.46	94.922	91.637	95.633	92.796	84.666	85.159	121.239	91.543	82.209	93.574	97.629	98.44	97.349	87.163	96.121	99.383	92.369	100.18	96.817	100.43	104.529	87.776	105.439	82.19	99.532	106.969	97.452	115.124	97.506	94.604	93.47	95.258	98.252	96.612	96.865	101.087	89.76	88.558	88.588	88.011	91.459	99.674	92.811	79.186
2015.04	구분	94.122	87.385	86.701	98.284	96.03	88.781	100	94.071	94.903	89.048	95.728	93.04	85.203	84.475	121.239	91.013	81.661	93.463	98.165	93.432	97.349	86.834	95.977	99.304	92.139	100.18	96.738	100.149	104.258	87.96	104.746	82.19	95.5	106.969	99.371	115.02	97.937	94.671	93.46	95.832	105.292	96.922	96.865	101.087	90.175	88.969	88.98	89.266	91.058	99.754	90.527	78.76
2015.05	구분	94.301	88.574	87.959	98.501	95.972	88.611	100	94.716	95.208	91.729	95.135	93.264	85.34	84.703	115.817	91.635	81.661	93.463	99.514	97.212	97.398	86.626	95.987	99.314	92.139	100.18	97.485	100.099	105.935	88.227	104.693	82.19	95.19	106.969	99.789	114.664	98.857	94.756	93.516	95.765	106.828	96.922	96.865	101.087	90.175	89.014	88.989	90.19	91.058	99.356	92.129	78.768
2015.06	구분	94.31	88.362	87.775	97.671	95.886	88.38	100	94.726	95.227	91.655	95.25	93.461	85.468	84.424	115.817	91.562	81.661	93.463	98.82	97.966	97.398	86.765	95.91	99.215	92.047	100.18	98.007	99.759	107.413	88.245	105.313	82.19	98.757	106.969	98.287	114.825	98.974	94.006	93.554	95.775	101.357	96.902	96.865	101.087	90.148	89.272	89.284	89.374	91.085	99.386	92.138	78.807
2015.07	구분	94.717	88.398	87.758	98.689	96.222	89.351	100	94.802	95.247	92.033	94.943	93.657	85.698	84.661	112.566	91.314	81.661	93.36	99.167	96.178	97.398	86.237	95.977	99.324	92.111	100.18	101.243	99.899	106.903	96.662	105.313	82.19	98.757	106.969	101.22	114.538	98.181	94.766	93.666	95.794	112.216	97.057	96.865	101.087	90.356	89.522	89.454	92.404	90.529	98.62	90.803	78.815
2015.08	구분	94.953	89.111	88.527	98.402	96.328	89.636	100	94.887	95.237	92.705	95.135	93.873	85.834	84.897	112.566	91.9	82.021	93.463	100.01	98.15	97.232	86.557	95.929	99.195	92.111	100.18	100.947	100.44	105.768	96.745	105.313	82.19	98.757	106.969	101.558	114.273	97.741	94.832	93.75	95.823	113.405	97.135	96.865	101.087	90.464	89.736	89.614	94.61	91.231	99.664	92.129	78.815
2015.09	구분	94.811	88.961	88.291	99.736	96.27	89.485	100	95.267	95.313	94.888	95.556	94.078	85.911	84.34	114.974	91.79	81.996	93.37	99.831	95.723	97.535	86.999	95.775	98.788	92.111	100.18	99.512	99.348	103.831	95.631	104.83	82.19	95.878	106.99	99.64	114.733	97.193	95.051	93.722	95.775	105.892	97.27	96.865	101.097	90.653	90.12	90.168	88.827	90.785	98.689	92.58	78.792
2015.10	구분	94.783	87.896	87.164	99.568	96.318	89.618	100	94.897	95.332	92.254	96.15	94.256	85.911	84.34	118.213	91.47	82.528	91.918	99.812	96.178	97.799	85.873	96.015	99.353	92.167	100.18	99.177	99.799	102.696	95.667	104.347	82.19	93.077	107.001	100.246	114.411	97.291	94.889	93.704	95.794	108.428	97.27	96.865	101.097	90.653	90.12	90.185	88.558	91.094	99.455	92	78.784
2015.11	구분	94.641	86.839	85.984	100.575	96.174	89.199	100	95.988	96.572	92.429	96.332	94.481	85.988	84.568	118.225	91.973	82.528	91.918	100.575	97.879	97.799	86.341	95.977	99.373	92.074	100.18	98.558	99.699	101.415	95.428	104.557	82.19	94.279	107.001	98.198	115.377	97.467	95.668	93.788	95.804	99.715	97.212	96.865	101.097	90.572	90.317	90.4	87.832	91.596	100.261	92.617	78.8
2015.12	구분	94.991	88.556	87.837	100.062	96.818	91.062	100	96.273	96.553	94.492	96.59	94.761	86.116	84.999	118.213	91.9	82.496	91.918	101.19	99.175	97.906	85.31	95.862	99.284	91.899	100.18	98.253	99.809	100.259	95.759	104.557	82.19	94.279	107.001	99.043	114.48	97.359	96.552	93.704	96.005	102.756	97.203	96.865	101.097	90.563	90.665	90.721	89.356	91.331	99.694	92.903	78.768
2016.01	구분	95.066	88.961	88.291	99.706	96.924	91.356	100	95.647	96.525	90.393	95.863	94.986	82.858	84.804	112.922	92.166	83.404	91.918	101.518	97.715	97.74	85.657	96.889	99.344	93.484	101.813	97.761	101.541	97.927	95.916	104.179	82.19	91.982	107.022	99.421	113.675	97.085	97.663	93.825	96.081	103.661	97.638	96.865	101.097	91.159	90.825	90.891	89.132	93.5	99.774	91.844	85.064
2016.02	구분	95.444	91.188	90.632	100.032	97.078	91.802	100	96.358	96.467	95.57	96.035	95.098	83.284	85.523	112.922	92.541	83.748	91.825	101.538	98.527	98.043	86.315	96.869	99.135	93.567	101.873	96.59	99.739	95.907	95.879	104.179	82.19	91.982	107.022	100.047	114.446	97.526	98.927	93.797	96.091	105.187	97.803	96.865	101.097	91.375	90.906	90.962	89.374	93.855	99.823	94.182	85.167
2016.03	구분	95.142	89.859	89.208	100.309	97.088	91.837	100	96.339	96.467	95.487	95.432	95.285	83.361	85.743	107.619	92.769	85.499	93.844	101.091	98.808	97.886	85.795	96.869	99.155	93.567	101.873	96.079	99.709	95.011	95.492	104.179	82.19	91.982	107.022	99.5	114.193	98.123	98.452	95.051	96.005	101.63	98.162	98.174	101.117	91.772	91.227	91.31	88.729	93.956	99.435	94.624	85.836
2016.04	구분	95.302	89.586	88.964	99.449	97.155	92.016	100	96.358	96.429	95.791	95.594	95.416	83.361	86.241	107.607	92.614	86.244	93.667	100.923	99.426	97.886	84.86	96.956	99.244	93.669	101.873	96.276	99.859	95.428	95.502	105.47	82.19	99.435	107.022	100.047	113.997	98.064	98.623	95.313	96.196	103.198	98.278	98.174	101.117	91.934	91.557	91.614	90.028	93.992	99.505	94.541	85.876
2016.05	구분	95.34	88.512	87.898	98.274	97.165	92.051	100	96.786	96.954	95.681	95.374	95.576	83.421	86.334	105.246	92.01	86.113	93.844	100.932	98.943	97.886	83.215	96.917	99.135	93.669	101.873	97.161	99.539	97.469	95.87	105.47	82.19	99.435	107.022	101.976	116.607	96.86	99.079	95.734	96.253	109.049	98.52	98.174	101.117	92.268	91.584	91.622	90.737	94.156	99.704	94.615	86.026
2016.06	구분	95.293	87.2	86.421	99.805	96.982	91.508	100	96.795	96.954	95.708	95.556	95.772	83.489	86.672	105.258	92.641	86.113	93.574	101.081	97.802	97.886	85.336	96.946	99.215	93.669	101.883	98.42	99.619	100.843	95.677	105.47	82.19	99.435	107.022	100.972	116.423	96.674	98.955	95.641	96.292	105.45	98.52	98.174	101.117	92.268	91.682	91.721	90.629	94.275	99.923	94.587	86.033
2016.07	구분	95.189	87.051	86.325	98.639	96.963	91.463	100	96.064	96.935	90.808	94.149	96.025	83.489	85.286	95.517	93.703	86.17	93.621	100.823	97.319	97.886	88.782	96.898	99.066	93.669	101.883	99.128	100.88	101.207	96.469	105.47	82.19	99.435	107.022	103.656	116.987	96.439	98.737	95.706	96.139	115.731	98.588	98.174	101.117	92.367	91.861	91.819	93.74	94.01	99.555	93.906	86.065
2016.08	구분	95.557	88.644	88.038	98.373	97.318	92.488	100	96.795	96.973	95.625	94.369	96.221	83.898	85.827	95.517	93.739	87.013	93.844	101.428	98.315	97.926	87.579	96.802	98.828	93.669	101.883	98.951	100.94	100.53	96.643	105.47	82.19	99.435	107.022	104.481	116.458	96.537	98.699	95.65	96.072	119.193	98.588	98.174	101.117	92.367	92.012	91.908	96.08	94.211	99.087	93.814	87.334
2016.09	구분	96.096	92.896	92.546	98.373	96.991	91.534	100	96.823	96.973	95.81	94.58	96.418	83.864	86.436	95.506	93.959	87.013	93.844	101.637	97.551	97.984	88.254	96.86	98.907	93.724	101.883	98.518	101.01	100.114	95.925	105.544	82.19	99.881	107.022	102.861	115.894	97.095	99.544	95.631	96.167	112.595	98.937	98.174	101.137	92.818	92.057	92.113	90.701	94.293	99.475	92.857	87.341
2016.10	구분	96.228	91.813	91.331	99.39	97.068	91.757	100	96.899	96.973	96.353	96.121	96.483	84.427	87.256	105.02	93.337	86.997	96.124	100.486	95.723	98.101	87.31	96.831	98.857	93.724	101.813	98.499	100.96	100.145	95.888	105.586	82.19	99.881	107.076	101.877	115.181	98.103	99.193	95.678	96.282	109.038	98.995	98.174	101.137	92.9	92.093	92.14	90.907	94.265	99.246	93.565	87.341
2016.11	구분	96.105	90.739	90.23	98.817	97.251	92.283	100	96.795	97.431	92.954	96.648	96.67	84.853	86.994	107.903	93.053	86.408	96.198	98.829	98.208	98.492	87.44	96.946	99.165	93.724	101.813	98.43	100.099	100.832	95.492	105.04	82.19	96.751	107.076	100.743	112.353	101.313	100.152	95.809	96.732	104.377	99.024	98.174	101.137	92.945	92.111	92.185	89.894	94.32	98.948	95.25	87.341
2016.12	구분	96.257	91.84	91.366	99.252	97.155	92.007	100	97.222	97.345	96.353	96.111	96.895	85.451	88.067	102.043	93.41	87.717	96.207	98.72	98.218	98.756	87.752	97.013	99.344	93.724	101.813	99.216	100.77	102.134	95.833	105.04	82.19	96.751	107.076	100.753	111.905	98.034	99.069	95.809	96.923	105.187	99.053	98.174	101.137	92.981	92.369	92.408	91.31	93.837	97.923	95.582	87.341
2017.01	구분	97.088	94.322	93.996	99.321	97.299	92.568	100	96.662	97.392	92.079	96.284	97.017	86.065	88.557	102.126	92.715	87.545	96.598	99.147	90.812	99.039	87.007	98.03	99.056	95.494	103.536	100.682	101.481	105.039	96.275	105.061	82.206	96.625	107.161	102.453	113.066	99.884	100.104	96.09	97	109.554	99.441	98.174	101.137	93.468	92.691	92.72	91.956	96.671	99.227	95.223	93.543
2017.02	구분	97.305	94.261	93.987	98.333	98.088	94.752	100	97.251	97.392	96.335	96.743	97.251	86.44	90.848	102.126	93.62	87.545	96.598	100.615	96.004	98.97	87.232	97.982	98.917	95.494	103.536	100.977	101.851	105.726	96.165	105.061	82.206	96.625	107.161	101.419	111.916	99.63	100.959	96.08	97.612	105.966	99.702	98.174	101.137	93.829	93.084	93.158	91.131	96.908	99.246	96.732	93.575
2017.03	구분	97.371	94.261	93.97	98.61	98.443	95.723	100	97.27	97.411	96.335	97.165	97.428	86.994	91.347	103.632	93.739	87.521	95.714	101.061	101.196	99.078	86.124	97.944	98.798	95.494	103.617	100.662	101.911	105.56	95.492	104.284	82.206	92.641	107.161	101.031	114.423	99.923	99.687	96.202	97.114	104.471	99.76	98.337	101.056	93.856	93.342	93.452	90.728	96.871	99.038	96.705	93.787
2017.04	구분	97.286	92.967	92.755	96.219	98.559	96.035	100	96.377	97.478	89.509	97.318	97.606	87.949	91.288	103.644	93.785	87.562	94.858	100.932	96.516	99.322	87.639	97.627	97.935	95.494	103.737	100.397	101.951	104.237	95.99	105.113	89.644	96.789	107.161	102.99	114.354	100.256	99.126	96.436	97.631	110.659	99.828	98.337	101.056	93.964	93.494	93.586	91.284	96.361	98.679	94.431	93.811
2017.05	구분	97.419	92.923	92.781	94.915	98.491	95.866	100	97.64	97.841	96.353	97.672	97.84	88.299	91.575	104.665	94.133	88.355	95.761	101.448	97.841	99.078	87.232	97.599	97.845	95.503	103.737	100.495	101.881	104.04	96.441	105.113	89.644	96.789	107.161	101.688	114.825	100.648	99.62	96.38	97.612	106.06	99.818	98.337	101.056	93.946	93.762	93.836	92.046	96.334	97.923	96.815	93.811
2017.06	구분	97.277	92.791	92.519	96.842	98.607	96.186	100	97.754	97.86	97.09	97.739	97.99	88.564	91.262	104.641	94.911	89.157	96.049	100.595	99.494	99.303	89.951	98.078	99.115	95.503	103.737	99.905	101.611	103.259	95.833	105.376	89.644	98.185	107.161	99.262	114.112	99.933	99.316	96.389	98.511	98.179	99.838	98.337	101.056	93.973	93.744	93.836	91.624	95.924	97.108	96.815	93.811
2017.07	구분	97.57	93.222	92.974	96.871	98.655	96.284	100	97.108	97.86	92.364	97.883	98.093	89.135	91.592	104.605	93.895	89.1	96.049	99.901	95.762	99.693	88.038	98.136	99.264	95.503	103.737	99.816	101.151	102.196	96.846	105.964	89.644	101.209	107.161	103.05	112.158	99.777	99.459	96.464	97.822	111.301	99.838	98.337	101.056	93.973	94.092	94.041	95.354	95.951	97.426	95.821	93.858
2017.08	구분	98.146	96.154	95.979	98.57	98.761	96.57	100	97.792	97.86	97.329	98.007	98.205	89.135	92.006	104.605	94.197	89.149	92.579	100.605	100.364	99.381	88.038	98.126	99.234	95.503	103.737	100.102	100.58	103.217	97.012	105.964	89.644	101.209	107.161	103.149	111.629	99.326	99.582	96.483	97.851	111.722	99.915	98.337	101.056	94.063	94.583	94.452	97.954	96.297	98.033	96.548	93.645
2017.09	구분	98.042	96.268	96.119	98.402	98.866	96.89	100	97.83	97.831	97.735	98.064	98.252	89.689	92.031	104.617	94.407	90.369	92.402	101.002	98.798	99.693	87.761	97.666	98.024	95.503	103.737	100.239	100.9	104.571	95.953	105.985	89.644	101.209	107.183	101.389	109.479	99.483	98.841	96.576	97.746	106.86	99.954	98.337	101.056	94.136	94.378	94.479	91.83	96.215	97.725	96.917	93.724
2017.10	구분	97.796	92.826	92.449	98.541	98.674	96.347	100	97.83	97.831	97.735	98.256	98.336	90.065	92.986	104.641	94.801	90.017	93.974	101.27	99.658	99.693	88.522	97.551	98.272	95.438	102.505	100.898	101.141	105.935	96.257	105.859	89.644	101.209	107.033	102.582	109.916	99.62	99.164	96.558	97.861	110.49	99.964	98.337	101.056	94.145	94.431	94.497	92.915	96.452	98.212	96.594	93.819
2017.11	구분	97.173	91.197	90.938	95.103	98.674	96.356	100	97.763	98.556	92.834	97.538	98.486	90.252	91.524	100.132	94.27	90.025	93.974	100.615	99.281	99.693	87.501	97.263	97.885	95.162	102.505	100.829	100.55	106.841	95.621	105.743	89.644	101.209	106.894	99.103	109.467	101.47	98.224	96.586	97.87	99.526	100.022	98.337	101.056	94.226	94.601	94.738	91.194	96.061	97.774	95.379	93.827
2017.12	구분	97.456	92.174	91.934	95.716	98.684	96.374	100	98.437	98.556	97.735	97.662	98.495	90.372	92.412	100.132	94.362	90.058	93.974	101.042	100.2	99.713	87.077	97.426	98.282	95.162	102.505	101.085	99.929	107.486	96.073	105.628	89.644	101.422	106.691	99.172	109.226	101.127	98.718	96.558	98.09	99.568	100.022	98.337	101.056	94.226	95.127	95.175	94.054	95.951	97.207	96.594	93.827
2018.01	구분	97.844	93.6	93.428	96.279	98.789	96.668	100	97.887	98.556	93.682	97.969	98.626	90.235	94.153	100.132	94.471	90.704	93.974	101.726	96.294	99.986	87.033	98.558	98.173	97.125	104.178	101.538	100.41	107.986	96.459	104.924	89.644	98.427	106.53	99.63	108.731	102.341	100.541	96.698	98.234	100.21	100.448	98.337	101.056	94.857	95.351	95.407	94.108	95.769	97.466	93.584	94.197
2018.02	구분	98.552	96.603	96.547	97.385	99.107	97.523	100	98.437	98.546	97.735	98.141	98.692	90.38	95.1	100.121	95.222	92.775	98.356	101.22	97.657	99.84	87.535	98.529	98.183	97.051	104.218	101.724	100.079	108.371	96.809	104.788	89.644	98.427	106.359	101.21	108.444	102.556	101.33	96.736	98.263	105.092	100.748	98.337	101.056	95.281	95.734	95.809	94.027	96.461	98.033	96.383	94.197
2018.03	구분	98.543	95.106	94.861	98.58	98.876	96.917	100	98.513	98.623	97.735	98.323	98.757	90.457	96.182	100.132	97.29	93.945	95.361	101.19	100.19	99.986	94.184	98.597	98.401	96.996	104.228	101.557	100.92	108.017	96.165	104.683	89.644	98.427	106.241	100.892	108.478	102.302	100.266	96.998	97.402	104.513	100.962	100.344	100.743	95.579	96.163	96.326	92.144	96.635	98.61	95.922	94.032
2018.04	구분	98.77	95.625	95.507	97.375	98.828	96.766	100	98.494	98.613	97.744	98.323	98.869	91.284	95.379	100.132	96.75	94.363	95.482	100.268	97.058	99.986	93.812	98.203	98.123	96.922	102.565	101.38	101	107.507	96.146	105.176	89.644	101.849	106.027	102.732	108.202	101.607	100.636	97.653	97.88	109.543	101.398	100.344	100.743	96.21	96.484	96.63	92.924	96.808	98.59	97.22	94.024
2018.05	구분	98.779	94.675	94.485	97.345	98.789	96.659	100	98.532	98.651	97.762	98.313	98.916	91.284	94.998	100.132	97.628	94.363	95.482	101.478	98.131	100.279	95.163	98.155	97.994	96.922	102.565	102.157	101.361	108.788	96.717	105.071	89.644	101.849	105.888	102.95	106.8	100.961	101.216	97.999	97.956	110.091	101.417	100.344	100.743	96.237	96.734	96.844	94	96.507	97.734	98.031	94.063
2018.06	구분	98.429	92.87	92.554	97.691	98.587	96.133	100	98.532	98.651	97.762	98.179	98.925	91.898	93.73	100.132	97.391	94.256	95.482	100.169	100.035	100.279	95.544	98.318	98.431	96.922	102.565	102.551	100.85	110.433	96.551	104.966	89.644	101.829	105.76	100.703	106.075	100.638	100.693	98.018	98.071	103.093	101.417	100.344	100.743	96.237	96.805	96.942	93.668	96.662	98.232	97.294	94.079
2018.07	구분	98.392	93.495	93.262	96.921	98.722	96.472	100	98.447	98.604	97.486	97.184	98.925	92.649	92.733	93.833	97.83	94.322	95.128	100.843	99.349	100.455	96.461	97.33	97.31	96.673	99.449	102.718	99.358	110.61	97.776	104.378	89.644	99.387	105.642	102.662	106.708	101.098	98.879	97.98	99.65	109.491	101.427	100.344	100.743	96.255	97.234	97.237	97.066	96.516	97.914	97.487	94.039
2018.08	구분	99.232	98.768	98.914	96.605	98.549	96.008	100	98.447	98.604	97.486	97.394	99.019	92.555	93.866	93.845	97.674	94.199	95.482	101.051	99.262	100.455	95.682	97.445	97.617	96.673	99.449	102.934	99.208	111.193	97.877	104.284	89.644	99.387	105.514	103.577	106.673	101.078	99.582	97.999	99.65	112.227	101.514	100.344	100.743	96.373	97.457	97.362	99.684	96.735	98.232	97.948	94.039
2018.09	구분	99.856	101.638	101.824	98.679	98.607	96.186	100	98.532	98.699	97.486	98.543	99.075	93.365	93.215	102.007	97.619	94.101	95.482	101.141	96.555	100.455	96.063	97.368	97.419	96.673	99.449	102.875	99.368	111.87	97.021	104.189	89.644	99.387	105.396	103.597	105.432	100.687	100.921	98.074	99.631	112.079	101.533	100.344	100.743	96.4	97.475	97.594	94.574	96.935	98.61	97.837	94.071
2018.10	구분	99.506	97.853	97.884	97.197	98.607	96.16	100	98.532	98.699	97.486	98.725	99.113	94.039	94.221	102.043	97.976	94.052	96.524	101.21	100.616	100.455	96.098	97.253	97.458	96.673	98.618	103.849	99.799	114.307	97.021	104.137	89.644	99.387	105.343	103.08	104.937	101.245	99.098	98.167	99.612	111.174	101.553	100.344	100.743	96.427	97.734	97.915	93.184	96.799	98.421	97.69	94.039
2018.11	구분	98.977	95.414	95.158	99.173	98.799	96.694	100	98.836	98.985	97.882	98.706	99.141	94.15	93.882	102.054	97.757	94.273	95.965	100.932	98.576	100.455	96.124	97.167	97.22	96.673	98.618	102.442	99.148	111.173	96.68	103.958	89.644	99.435	105.086	101.141	103.718	101.313	99.278	98.158	99.908	104.998	101.543	100.344	100.743	96.418	98.019	98.245	92.817	96.908	98.152	99.393	94.039
2018.12	구분	98.713	94.886	94.651	98.501	98.405	95.607	100	98.902	98.985	98.315	98.783	99.159	94.576	94.229	102.043	97.656	94.011	95.965	100.585	100.548	100.406	95.907	97.205	97.329	96.673	98.618	100.692	99.408	105.685	97.03	103.664	89.644	99.435	104.722	99.908	103.374	103.026	99.259	98.177	99.985	100.978	101.582	100.344	100.743	96.481	98.439	98.531	96.062	96.644	97.754	98.942	94.039
2019.01	구분	98.76	94.921	94.59	99.993	98.703	96.427	100	98.314	99.004	93.995	98.668	99.197	94.858	93.113	102.019	98.498	99.167	95.863	100.774	95.027	99.967	96.401	98.184	97.528	98.028	100.441	99.098	99.418	101.342	96.892	103.286	89.644	99.435	104.252	100.763	103.558	105.277	99.326	98.336	99.994	103.377	101.959	100.344	100.743	97.022	98.796	98.968	94.484	97.163	98.053	97.856	95.568
2019.02	구분	99.261	95.555	95.271	99.667	98.549	96.008	100	98.902	98.985	98.324	99.682	99.225	95.19	100.89	102.007	99.742	100.591	95.519	102.053	99.175	100.211	97.318	98.27	97.885	98.028	100.1	99.512	99.268	100.332	98.927	102.425	89.644	96.906	103.781	101.628	103.236	104.641	100.693	98.663	100.377	105.292	102.037	100.344	100.743	97.14	98.858	99.058	94.143	97.728	98.829	98.537	95.789
2019.03	구분	99.062	94.692	94.319	100.17	98.28	95.242	100	98.931	99.014	98.343	99.539	99.225	95.66	99.613	101.995	99.806	100.591	96.365	101.994	96.439	100.201	98.089	98.242	97.855	97.982	100.1	99.718	99.068	100.916	99.038	102.142	89.644	96.906	103.439	100.823	102.373	104.278	100.551	98.832	100.32	102.819	102.337	102.505	100.51	97.482	98.537	98.781	92.673	97.846	99.197	97.8	95.907
2019.04	구분	99.44	95.854	95.595	99.756	99.164	97.693	100	98.788	98.861	98.343	99.347	99.234	96.299	97.889	102.019	100.557	100.419	97.091	103.045	99.823	100.25	98.634	98.328	98.361	97.77	100.1	100.82	99.459	103.259	99.48	102.425	89.644	99.416	103.182	101.996	103.5	103.623	98.357	99.159	100.568	106.765	102.366	102.505	100.51	97.536	98.751	99.004	92.655	98.184	99.117	99.476	96.293
2019.05	구분	99.487	95.282	95.018	99.212	99.52	98.673	100	98.921	99.014	98.343	99.424	99.225	97.033	98.261	102.019	99.504	96.646	97.091	102.073	100.364	100.123	98.643	98.376	98.461	97.77	100.07	102.295	99.298	107.434	99.59	102.215	100	99.416	102.893	101.449	104.293	104.376	97.293	99.159	100.674	105.092	102.405	102.505	100.51	97.582	98.849	99.067	93.839	98.493	99.754	99.31	96.301
2019.06	구분	99.355	94.49	94.153	99.588	99.809	99.484	100	99.035	99.014	99.107	99.347	99.187	97.229	97.796	102.031	99.266	96.539	97.119	101.736	99.252	99.469	98.634	98.683	99.294	97.77	100.07	102.551	99.008	108.122	99.774	102.047	100	99.416	102.69	100.326	104.063	103.75	94.908	99.253	100.903	102.283	102.55	102.505	100.51	97.78	98.983	99.191	93.65	98.32	99.445	98.647	96.522
2019.07	구분	99.11	93.178	92.712	100.072	99.712	99.216	100	99.026	99.004	99.098	98.524	99.225	97.579	97.39	96.348	100.227	100.681	97.249	101.706	99.31	97.711	99.439	98.414	98.679	97.761	99.79	102.324	99.298	106.549	100.456	101.617	100	97.604	102.593	102.205	103.282	100.491	95.573	99.281	100.989	108.449	102.492	102.505	100.51	97.699	99.126	99.227	96.941	98.366	99.485	98.841	96.522
2019.08	구분	99.393	94.366	93.97	100.407	99.78	99.413	100	99.026	99.004	99.098	98.562	99.225	97.681	97.5	96.502	100.072	100.394	97.249	100.813	101.592	97.779	99.604	98.472	98.847	97.761	99.79	102.492	98.808	106.57	101.156	102.005	100	100.056	102.476	103.219	101.718	100.413	95.792	99.225	100.903	112.29	102.512	102.505	100.51	97.726	99.385	99.299	101.459	98.311	99.386	98.786	96.545
2019.09	구분	99.733	97.245	97.019	100.714	100.135	100.375	100	99.063	99.004	99.374	99.596	99.244	97.766	97.103	104.048	99.678	100.181	97.249	100.466	96.004	98.14	100.019	98.597	99.294	97.816	99.369	102.541	98.467	108.288	99.94	102.289	100	101.859	102.39	101.887	100.522	97.467	97.283	99.215	100.999	107.776	100.719	102.505	100.51	97.87	99.233	99.361	96.071	98.238	98.57	101.096	96.545
2019.10	구분	99.95	97.536	97.246	101.82	100.212	100.598	100	99.253	99.233	99.374	99.817	99.318	98.747	98.092	104.048	100.419	100.01	96.905	101.776	102.114	97.857	99.924	98.625	99.334	97.844	99.369	102.59	98.517	108.715	99.682	102.226	100	101.859	102.305	102.413	101.902	99.855	98.613	99.281	100.789	108.46	101.107	102.505	100.51	98.439	99.296	99.432	96.08	98.402	98.859	100.949	96.656
2019.11	구분	99.421	94.859	94.555	99.439	100.03	100.081	100	99.823	99.901	99.374	99.826	99.375	98.738	97.838	104.048	99.697	100.239	98.449	101.141	95.201	99.986	98.79	98.597	99.344	97.844	99.138	102.019	97.396	108.059	99.507	101.428	100	98.243	102.198	100.405	102.074	99.258	98.832	99.29	101.143	101.609	101.262	102.505	100.51	98.646	99.349	99.495	95.703	98.466	98.968	100.94	96.656
2019.12	구분	99.61	95.986	95.822	98.264	100.02	100.054	100	99.832	99.91	99.374	99.931	99.412	98.832	98.421	104.048	100.053	100.149	98.803	100.744	101.602	99.986	99.067	98.645	99.482	97.844	99.138	102.305	98.207	108.299	99.535	101.375	100	98.243	102.133	99.471	102.396	98.886	99.088	99.478	101.056	98.168	101.33	102.505	100.51	98.745	99.608	99.709	97.066	98.393	98.948	100.581	96.656
2020.01	구분	99.8	97.12	96.9	99.98	100.25	100.6	100	99.57	99.82	98.08	99.86	99.48	99.44	97.92	104.09	99.63	99.27	98.99	100.27	98.31	98.71	99.69	100.47	100.83	99.92	101.24	103.57	100.2	108.55	100.04	100.82	100	96.36	102.04	99.99	100.96	99.78	99.89	99.72	100.17	99.26	99.72	102.5	100.48	99.42	99.73	99.63	102.29	99.45	99.6	100.58	98.87
2020.02	구분	99.84	96.59	96.45	98.49	100.18	100.43	100	99.72	99.82	99.12	100.22	99.56	99.24	100.33	104.11	100.35	100.08	98.84	100.97	103.41	99.08	99.32	100.36	101.17	99.92	99.56	103.6	101.51	108.05	99.85	100.77	100	96.36	101.99	99.79	100.13	99.6	100.25	99.81	100.24	96.62	99.85	102.5	100.48	99.6	99.55	99.56	99.33	99.83	99.81	100.59	99.61
2020.03	구분	99.83	98.24	98.13	99.63	99.87	99.69	100	99.76	99.87	99.1	100.31	99.65	99.44	100.43	104.1	99.72	100.09	98.84	99.96	99.54	99.34	99.5	100.36	101.05	99.86	100.06	101.28	98.6	104.27	99.57	100.73	100	96.36	101.94	99.28	99.36	100.28	99.01	99.83	99.92	95.15	99.94	102.5	100.1	99.81	99.42	99.55	96.18	99.86	99.77	100.95	99.61
2020.04	구분	99.61	98	97.79	100.68	99.76	99.42	100	99.36	99.85	96.36	100.29	99.73	99.54	99.92	104.05	99.82	99.5	98.84	100.23	100.58	99.07	99.58	100.41	101.07	99.95	100.06	98.79	98.57	98.24	99.56	101.33	100	99.36	101.87	99.72	99.36	98.71	99.43	99.79	100.02	100.54	99.99	102.5	100.1	99.87	99.51	99.63	96.76	99.32	98.95	98	100.26
2020.05	구분	99.65	98.45	98.27	100.83	99.9	99.76	100	99.94	100.04	99.32	100.19	99.87	99.54	98.33	104.01	100.25	100.09	98.84	99.93	103.97	98.61	100.22	100.45	101.11	100.02	100.06	97.12	98.84	93.99	99.58	101.28	100	99.36	101.81	100.15	101.44	97.95	100.35	99.57	100.09	100.37	99.88	98.75	100.1	99.86	99.74	99.79	98.65	99.81	99.41	100.14	100.24
2020.06	구분	99.91	99.18	99.07	100.61	100	99.99	100	99.95	100.05	99.32	100.31	99.93	99.74	98.87	104.04	99.68	99.51	101.29	100.22	95.87	98.77	100.01	100.85	102.12	100.02	100.06	98.22	98.88	96.61	99.63	101.84	100	102.22	101.74	99.96	101.04	97.61	99.96	100	100.05	97.15	99.9	98.75	100.1	99.89	99.83	99.9	97.99	100.04	100.06	99.3	100.25
2020.07	구분	99.74	99.63	99.55	100.63	100.03	100.06	100	100.25	100.05	101.45	98.81	100.01	100.08	99.56	90.91	99.83	99.58	101.03	99.96	99.29	99.41	99.77	99.9	99.72	100	100.06	99.71	101.01	98.69	100.02	101.75	100	102.22	101.63	100.27	100.19	100.65	99.94	100.09	99.88	103.22	99.9	98.75	100.1	99.88	100.11	99.95	104	100.05	99.91	100.02	100.25
2020.08	구분	100.27	102.16	102.39	99.19	99.97	99.92	100	100.25	100.06	101.45	99.07	100.13	100.28	100.92	90.91	100.2	100.07	100.79	99.87	102.64	99.12	100.01	99.68	99.08	100.07	100.06	100.05	100.76	99.13	100.66	101.69	100	102.22	101.54	100.78	99.62	101.3	99.87	100.43	99.83	110.3	99.97	98.75	100.1	99.98	100.42	99.99	110.82	100.1	100.05	99.8	100.26
2020.09	구분	100.7	104.47	104.86	99.39	100.06	100.15	100	100.29	100.1	101.45	99.99	100.21	100.48	100.19	98.44	99.62	100.6	100.7	98.82	97.34	100.48	100.38	99.29	98.21	100.07	99.71	99.63	100.27	98.79	100.19	101.61	100	102.22	101.45	100.02	99.11	101.16	100.36	99.89	100.03	102.09	100.06	98.75	99.61	100.22	100.19	100.24	98.92	100.93	101.36	101.22	100.26
2020.10	구분	100.23	104.53	104.83	100.56	100.12	100.3	100	100.19	99.98	101.45	100.27	100.33	100.73	101.69	98.44	100.5	99.95	100.7	99.93	102.75	100.67	100.86	99.52	98.74	100.12	99.71	99.45	100.76	98.03	100.24	87.58	100	101.29	83.77	100.39	100.37	100.92	100.55	99.85	99.84	104.36	100.11	98.75	99.61	100.29	100.54	100.61	98.85	100.14	100.33	99.42	100.13
2020.11	구분	100.14	100.88	100.89	100.73	99.94	99.86	100	100.32	100.14	101.45	100.27	100.48	100.73	100.77	98.43	100.05	101.18	100.7	99.68	97.09	101.39	100.36	99.41	98.57	100.03	99.72	99.03	100.61	97.08	100.23	99.86	100	101.29	99.47	99.87	99.26	101.11	100.48	100.5	99.79	95.5	100.32	98.75	99.61	100.56	100.35	100.48	97	100.26	100.16	101.04	100.13
2020.12	구분	100.27	100.75	100.86	99.26	99.92	99.82	100	100.4	100.23	101.45	100.4	100.61	100.73	101.08	98.46	100.36	100.1	100.45	100.16	99.21	105.37	100.32	99.31	98.32	100.03	99.72	99.56	99.98	98.57	100.43	100.75	100	100.76	100.75	99.78	99.14	100.96	99.9	100.54	100.14	95.43	100.35	98.75	99.61	100.6	100.6	100.65	99.23	100.2	100.59	98.92	100.13
2021.01	구분	100.86	102.79	103	100.04	100.14	100.33	100	100.26	100.22	100.55	100.34	100.72	100.73	101.02	97.39	100.92	100.54	100.45	100.98	100.6	105.31	100.54	100.17	98.25	101.49	101.17	101.17	100.72	101.88	100.63	99.3	100	93.74	100.83	99.99	98.96	99.7	100.18	100.61	100.15	97.88	100.57	98.75	99.61	100.89	101.03	101.17	97.65	101.42	100.93	99.63	102.66
2021.02	구분	101.33	105.05	105.45	99.68	100.22	100.53	100	100.34	100.15	101.46	100.76	100.87	100.91	103.41	97.39	100.63	99.93	100.96	100.3	100.49	105.5	100.71	100.14	98.18	101.49	101.19	101.74	100.68	103.27	100.68	99.34	100	93.6	100.91	99.95	99.42	98.76	100.39	100.43	100.04	96.84	100.71	98.75	99.61	101.07	101.18	101.3	98.24	101.11	100.47	98.92	102.69
2021.03	구분	101.57	105.33	105.59	101.89	99.91	99.78	100	100.37	100.19	101.47	101.11	101.08	101.71	104.75	97.43	100.05	98.35	100.96	99.52	99.67	105.46	100.83	100.22	98.37	101.49	101.16	102.82	101.61	105.49	100.53	99.4	100	93.6	101	99.74	98.87	99.32	100.08	100.75	100.03	94.06	100.85	96.98	99.75	101.27	101.52	101.77	95.44	101.36	100.58	100.1	102.81
2021.04	구분	101.68	104.87	105.12	101.5	100.85	102.04	100	100.32	100.3	100.4	101.07	101.23	103.05	103.34	97.42	100.16	98.51	100.96	99.76	98.53	105.73	101.13	99.99	98.37	101.53	99.45	103.39	101.56	106.73	100.74	99.41	100	93.6	101	100.38	99.48	101.43	99.73	100.91	99.92	101.9	100.95	96.98	99.75	101.4	102.07	102.28	97.01	101.97	101.18	98.73	104.1
2021.05	구분	101.74	104.69	104.88	102.15	100.82	101.98	100	100.45	100.29	101.46	101.32	101.37	104.05	104.24	97.45	100.97	100.96	101.12	99.56	103.31	105.4	101.4	99.68	97.57	101.53	99.45	103.37	101.15	106.86	100.79	98.99	100	91.75	100.97	100.45	98.72	100.78	99.17	101.12	100.26	104.63	100.93	96.98	99.75	101.38	102.22	102.38	98.54	101.98	100.95	99.6	104.13
2021.06	구분	101.68	104.08	104.24	102.01	100.82	101.97	100	100.46	100.29	101.48	101.33	101.45	104.99	103.65	97.45	100.94	102.15	101.2	99.17	99.95	106.36	101.91	99.63	97.41	101.56	99.45	104.09	101.17	108.54	100.88	98.98	100	91.75	100.96	99.82	97.56	100.56	99.41	101.26	99.76	97.63	101.06	96.98	99.75	101.54	102.42	102.62	97.49	101.61	100.09	99.56	104.31
2021.07	구분	101.88	104.33	104.42	103.13	100.82	101.98	100	100.45	100.28	101.48	100.75	101.56	105.93	104.63	91.01	101.84	105.73	101.2	99.64	99.24	106.38	102.55	99.79	97.82	101.56	99.45	105.28	101.45	110.82	101.39	98.97	100	91.75	100.96	100.82	97.55	100.77	99.07	102.12	100.44	106.68	101.13	96.98	99.75	101.64	103.09	102.97	106.2	101.53	99.87	99.86	104.27
2021.08	구분	102.33	105.82	106.04	102.82	100.95	102.27	100	100.49	100.32	101.5	101	101.75	106.14	105.52	91.05	102.35	106.13	101.2	99.59	101.15	106.68	103.61	99.75	97.71	101.56	99.45	106.03	101.51	112.42	101.6	98.99	100	91.75	100.97	101.33	97.6	102.15	98.79	102.26	100.47	113.88	101.25	96.98	99.75	101.79	103.33	102.99	111.66	101.81	100.35	100.17	104.27
2021.09	구분	102.67	107.42	107.65	104.38	100.98	102.35	100	100.5	100.33	101.53	101.98	101.96	106.47	104.42	98.57	102.31	109.76	101.2	99.31	95.48	106.86	103.27	99.51	97.69	101.56	97.84	105.65	101.29	111.98	101.22	99	109.99	91.75	100.96	100.63	97.55	102.73	99.77	101.69	100.52	104.2	101.34	96.98	99.75	101.91	103.21	103.28	101.4	101.59	100.49	97.91	104.27
2021.10	구분	102.9	106.66	106.89	103.62	100.97	102.33	100	100.61	100.67	100.26	102.56	102.19	106.77	106.41	99.79	103.24	109.93	101.2	99.71	100.35	106.42	104.59	99.42	97.46	101.56	97.84	106.89	102.46	114.5	101.01	98.53	109.99	89.52	100.97	100.66	97.97	103.37	99.92	101.67	100.74	102.81	101.43	96.98	99.75	102.03	103.7	103.79	101.42	101.8	101.45	98.04	103.53
2021.11	구분	103.2	106.78	106.98	104.09	100.85	102.04	100	101.79	101.77	101.94	102.64	102.51	107.43	105.12	99.82	103.4	110.8	101.2	99.84	100.33	106.55	104.47	99.55	97.81	101.55	97.84	108.42	102.59	118.09	101.09	99.69	109.99	94.85	100.99	100.41	97.72	103.08	99.9	101.96	100.61	98.17	101.41	96.98	99.75	102	104.14	104.36	98.77	101.27	100.35	98.1	103.53
2021.12	구분	103.32	106.82	106.96	104.85	100.74	101.77	100	101.87	101.84	102.11	102.85	102.68	107.72	105.63	99.89	104.14	111.92	101.05	99.74	105.45	107.96	104.85	99.51	97.71	101.55	97.84	106.83	103.33	113.6	101.32	99.7	109.99	94.85	101.01	100.88	98.23	103.76	100.87	101.98	101.28	99.57	101.45	96.98	99.75	102.05	104.81	104.93	101.92	102.28	102.02	99.43	103.58
2022.01	구분	103.99	108.13	108.36	105.04	100.96	102.31	100	101.94	101.84	102.54	103.18	102.79	108.11	107.52	99.89	104.42	113.87	101.73	99.67	102.77	109.85	105.09	100.64	97.74	103.48	99.36	106.69	103.95	112.7	101.56	99.71	109.99	94.85	101.02	101.57	97.67	102.62	101.85	102.42	102.14	104.02	101.83	96.98	99.75	102.54	105.83	105.97	102.4	104.29	102.56	98.01	108.67
2022.02	구분	104.64	108.87	109.01	107.01	101.44	103.47	100	102.09	101.87	103.43	103.92	102.92	108.84	112.36	99.92	104.47	112.02	101.85	99.43	105.64	110.17	105.81	100.64	97.77	103.49	99.27	108.05	104.04	115.95	101.56	99.72	109.99	94.85	101.03	101.65	97.51	100.18	102.01	102.81	102.3	102.63	102.12	96.98	99.75	102.92	106.96	107.22	100.58	105.87	105.5	98.79	108.73
2022.03	구분	105.09	109	109.12	107.35	102.5	106.01	100	102.17	101.95	103.48	103.8	103.01	109.93	110.62	99.98	103.73	112.33	96	99.12	104.76	110.86	104.81	100.28	97.53	103.5	97.39	112.65	104.12	126.9	101.8	99.58	109.99	94.24	101.02	102.18	97.49	100.8	104.12	103.21	102.22	101.65	102.24	78.4	99.15	103.88	107.69	108.07	98.35	105.94	105.4	99.7	108.76
2022.04	구분	105.74	109.7	109.65	110.31	102.95	107.1	100	102.18	102.07	102.86	104.41	103.1	112.17	110.17	104.27	105.89	114.84	101.85	100.17	111.21	111.33	106.38	100.5	97.96	103.59	97.44	114.25	103.99	130.45	102.29	99.87	109.99	94.56	101.3	102.7	96.81	101.5	103.66	103.5	102.54	110.03	102.47	78.4	99.15	104.18	108.45	108.79	100.1	105.68	104.8	100.33	108.64